,0,geometry,m_a_comisaria
0,0,POINT (104718.8905713736 99299.03893978836),1087.1261536949783
1,1,POINT (97461.04089667246 100171.4817767527),671.8143766311924
2,2,POINT (98445.16101406892 103521.6429093569),1648.8216589085341
3,3,POINT (103006.2530915206 99513.24905488805),756.129388262175
4,4,POINT (99161.02262184485 98729.949917705),365.8104964152117
5,5,POINT (96679.59186219904 101589.9406616734),2109.1532439955276
6,6,POINT (100572.1517534846 109769.8930808631),1266.5683775524724
7,7,POINT (96026.81961005938 96269.13582763943),512.0183173859967
8,8,POINT (105382.1451812467 104513.4668820615),640.3076092464531
9,9,POINT (103600.0953911199 99094.91885688742),977.4472202750511
10,10,POINT (99440.54415793619 99103.45330919711),782.5899155277962
11,11,POINT (97799.73352898034 109363.430435474),768.7097498981743
12,12,POINT (96603.80300096789 101739.2883547377),2198.5538438038757
13,13,POINT (104466.4921993273 99922.52226992154),958.7755751117124
14,14,POINT (104955.3294836253 100266.5684385619),561.1291289187275
15,15,POINT (110593.6283961422 101858.1369945514),1980.5255396675857
16,16,POINT (98294.34809977513 100932.2509427531),897.8547106824094
17,17,POINT (102266.9913326025 104712.9571837772),1227.7954424344714
18,18,POINT (102583.116059968 98123.32645099852),1654.70408430476
19,19,POINT (96827.39442488999 107895.7722722992),1004.2951473402297
20,20,POINT (99302.30160401817 96769.87112263634),1942.1992214859026
21,21,POINT (97048.02152688146 95679.04647919006),863.3322286892368
22,22,POINT (101874.2977120639 103650.3394720609),366.741911013347
23,23,POINT (97488.68609791429 98181.78591665071),1395.887234269615
24,24,POINT (99557.15635315712 101810.698826489),464.1498501108146
25,25,POINT (103109.584712667 107332.1387876799),1425.1572226798967
26,26,POINT (105049.7626042282 102131.8553695007),784.3045174041046
27,27,POINT (106441.6591127799 105405.2843599808),1179.2478299441889
28,28,POINT (102114.924933305 101678.809140739),575.9011327915772
29,29,POINT (95674.15469229939 104638.4250209998),1047.3193805778656
30,30,POINT (105206.0979922009 96590.34414637316),1948.0924599310129
31,31,POINT (97325.93479082217 104451.2293910221),638.1165906691468
32,32,POINT (100252.0340248521 106567.970411143),1168.0249533630292
33,33,POINT (95844.8175512154 98069.87265773199),810.062093803077
34,34,POINT (99147.29955375961 109611.4153727028),1290.0886279423778
35,35,POINT (108619.2458328599 99381.55986423804),628.2737320506553
36,36,POINT (101908.8654280946 108646.9197481641),413.96009571395916
37,37,POINT (97456.5748225056 104481.2794507858),771.2863371191595
38,38,POINT (94039.50823650154 100377.2270145131),565.2499684844378
39,39,POINT (106551.5609519537 100326.9357001538),424.428000328969
40,40,POINT (106204.2366867541 105146.0271701643),967.1819806132911
41,41,POINT (106585.2637801709 97211.78492046718),1724.8221850867822
42,42,POINT (96641.63328784636 108761.0943119182),829.0826811163934
43,43,POINT (107940.3936456384 97598.12760547789),438.4854319042588
44,44,POINT (102403.9284345437 103318.5271513575),365.9941943512432
45,45,POINT (98522.93902647725 99282.01803013369),694.4950699336047
46,46,POINT (98445.71986293238 101350.5806923213),939.111827480844
47,47,POINT (95909.85092986829 101132.7238736163),1882.6794258105595
48,48,POINT (95127.26559921178 98199.72883997607),1208.1987829445816
49,49,POINT (108403.1589842217 102018.7433067963),928.0687094128316
50,50,POINT (109469.4795760273 99090.00731438269),365.17869993005723
51,51,POINT (105220.3344458039 100978.0135348416),459.95295666177486
52,52,POINT (95527.12879281711 104139.3851211664),778.0177692672263
53,53,POINT (100264.8937577564 103620.013104918),1088.7153076722211
54,54,POINT (98674.22873024334 100899.0912025881),1011.9644241327717
55,55,POINT (100198.4958108104 99360.25459254725),527.0884348650033
56,56,POINT (100361.7993623945 94238.04914311704),632.1884378728358
57,57,POINT (108164.6118744107 99945.34182798355),926.3718420757666
58,58,POINT (104124.1847674174 104799.5122742675),294.00847239021505
59,59,POINT (101205.6684288865 102593.9055349245),1035.7553146246646
60,60,POINT (109829.00432968 103645.4111351936),1683.8285131387568
61,61,POINT (102479.9207438037 109445.617665649),1385.5093547798465
62,62,POINT (99861.21589631608 104968.0938485922),1409.3642295385066
63,63,POINT (100068.9550092988 95114.91138207971),882.1626592410386
64,64,POINT (100628.1049564478 102590.5554407578),1367.0145161291623
65,65,POINT (96756.90885059592 98294.8851743478),783.5541062621886
66,66,POINT (98673.18442813207 103976.8971487809),1985.6315808069292
67,67,POINT (108676.0179941046 98798.78050213102),612.8851967581934
68,68,POINT (102369.6534021799 99676.95779041576),1143.9713926525026
69,69,POINT (102034.0373233677 97698.37349169851),2271.5071876590105
70,70,POINT (96319.0912555555 107999.9535228912),1328.6520303341906
71,71,POINT (110322.5972920812 100931.2674730842),1273.8555141813522
72,72,POINT (102884.6272461719 97912.33396456392),1394.5060023465878
73,73,POINT (105785.3980106122 101485.9045971635),841.4122738267843
74,74,POINT (98333.3198327859 108327.8385810085),932.9295125620404
75,75,POINT (95366.71494137931 99764.26243518005),958.6119886999538
76,76,POINT (98907.83155211779 101466.821823107),583.053806100385
77,77,POINT (97712.54315698826 105760.1783554906),224.63630619992037
78,78,POINT (97213.74114854405 97541.68544629986),1357.9944326539028
79,79,POINT (97165.1991202991 104396.7311163095),474.28928131859226
80,80,POINT (95690.20287628958 96852.84987472376),968.3791236464336
81,81,POINT (102779.1973517791 105222.8287032632),1125.7908501052077
82,82,POINT (100517.7493769926 102716.5586457521),1418.5999326042638
83,83,POINT (101757.1198775805 105028.2137987402),968.7896034865067
84,84,POINT (96001.85662460334 101206.5081354593),2000.6116774015486
85,85,POINT (107281.9795544943 98481.10646666962),967.8023131593237
86,86,POINT (104354.4073818907 97497.59871836295),788.822610490699
87,87,POINT (101009.3016417803 102910.939666186),1107.792787725298
88,88,POINT (100963.4782048743 95782.98198628619),1125.9982742896202
89,89,POINT (100978.3887549067 107226.5475037846),554.1549739373364
90,90,POINT (100645.3509922613 102640.007015091),1417.6822113038074
91,91,POINT (103555.6330424176 102238.270501507),972.1243105944008
92,92,POINT (107628.1592173484 105736.9279156211),1879.0591777006794
93,93,POINT (96146.50788125145 96291.52316349336),390.26449943062204
94,94,POINT (107723.1537629421 105777.8196078941),1942.132135500757
95,95,POINT (101629.8895256091 100455.7289027785),295.68231716076474
96,96,POINT (107788.2959322475 102552.7585541553),672.9895484271077
97,97,POINT (100488.944065766 105916.7479807514),1667.473805206708
98,98,POINT (107423.9422030361 106405.343164073),2362.0519351770267
99,99,POINT (99990.28070336614 97940.62145106035),1380.1983382749431
100,100,POINT (97139.12334629851 100307.8724072722),1015.8460395075673
101,101,POINT (101166.4078217048 108304.4586414016),600.5193513844187
102,102,POINT (100345.8537089647 106316.569132321),1384.206703829442
103,103,POINT (99892.594312385 93674.12310798588),540.003233460941
104,104,POINT (100246.8593103545 100761.422814456),713.6913662915972
105,105,POINT (102175.1079165499 106202.4849375382),59.03261495808353
106,106,POINT (101424.2101905507 96203.76892583637),1650.114885263314
107,107,POINT (108174.4138039515 99970.46159460019),952.1070279865421
108,108,POINT (97056.37205188247 94532.81279351602),1882.3113756350137
109,109,POINT (109475.2359795505 99749.06807193061),302.8645487169506
110,110,POINT (100296.8191032128 110970.1136280924),2348.100669258942
111,111,POINT (104116.042774274 98291.50116024233),115.61405751041173
112,112,POINT (102046.5198888262 94632.96822743681),1219.0754074939425
113,113,POINT (101297.3399489117 96278.76409433973),1680.4932027824984
114,114,POINT (97344.1173365853 102959.1625200358),1570.6769265538392
115,115,POINT (102090.1804423052 102704.3092880369),463.0046390869298
116,116,POINT (103595.0671281813 101291.0290266047),1224.402257002506
117,117,POINT (103218.0503654779 99196.15626332078),923.254242498654
118,118,POINT (100131.4104495237 107895.7771578394),560.6414160420513
119,119,POINT (97524.48112679455 101833.6943664948),1596.7621122878468
120,120,POINT (102200.6037360978 94802.17616485851),1379.5527241552013
121,121,POINT (98710.38742454821 103474.4841754195),1515.1445420208365
122,122,POINT (107247.0884018218 100008.033764619),731.5298900034275
123,123,POINT (97054.11616460749 101676.934086165),1945.1690529893565
124,124,POINT (104341.4722704262 99345.03944125866),1074.105846221149
125,125,POINT (101862.9374986314 106794.2073609388),693.9411683694037
126,126,POINT (103389.3914606792 105372.7772466302),1166.438918433125
127,127,POINT (96512.56349264178 97867.44264365693),1005.630696323751
128,128,POINT (102428.8279094509 100626.150685442),1091.4295069399464
129,129,POINT (101983.900223311 106699.5085184855),551.6639650299388
130,130,POINT (101955.3075294576 98357.16670265369),1998.9670557268114
131,131,POINT (107343.615392644 101026.0321711737),368.50383233574644
132,132,POINT (98757.80381353079 103551.3152232817),1578.0819039090304
133,133,POINT (104697.045656091 107403.1270605715),2084.2650740621593
134,134,POINT (99363.79092356046 103620.8542755714),1627.299870121944
135,135,POINT (97133.88638056199 98970.89466069218),978.2182914199111
136,136,POINT (104610.9673125297 104659.3322914581),269.7813857964783
137,137,POINT (95541.74074866781 104830.32677213),1231.5802335197386
138,138,POINT (106126.0187877227 104130.0516143368),394.74209740006336
139,139,POINT (107158.8342693073 101225.8133237021),497.641058814405
140,140,POINT (102700.3336231452 103921.8460848542),893.5325365447145
141,141,POINT (103383.7482016428 100203.8291349465),190.96006872361883
142,142,POINT (98228.05140669533 93633.68717925242),1103.8834050401558
143,143,POINT (98733.42435532862 95559.77565581043),1099.8945803379852
144,144,POINT (105849.6482814213 102132.9155313055),852.0463455542337
145,145,POINT (106826.1375505272 97223.04883312379),1508.5890245692574
146,146,POINT (99571.99022063405 100661.2948427339),848.650264136901
147,147,POINT (100601.9437768243 104807.4868199103),709.3897073550028
148,148,POINT (105968.6341444107 99391.87619084879),905.7900185427629
149,149,POINT (95445.07879884614 99004.20686017351),748.5004855613674
150,150,POINT (105109.1395129047 102430.1066931744),565.0639355982346
151,151,POINT (94473.40522409664 98425.78208764113),1543.5126424477269
152,152,POINT (95537.2920783431 103231.8203174097),391.14659309826135
153,153,POINT (100234.5262405074 99817.48438361534),228.01074820241988
154,154,POINT (100371.6774974693 91952.00532688253),2256.2568844824123
155,155,POINT (103029.0212799949 105670.9251140561),959.3672397597799
156,156,POINT (103235.5677479596 107914.6519813492),1510.1005126320465
157,157,POINT (105422.7024451177 99647.16992070219),715.4938042480087
158,158,POINT (107846.0451361056 99183.73595476159),305.72655345898414
159,159,POINT (108129.7479272597 98785.98484914369),236.23903971044695
160,160,POINT (103748.8666087324 102185.1077213031),849.5825676748818
161,161,POINT (98163.489473867 101238.363269592),1187.9918901539759
162,162,POINT (101785.6699552359 101904.5638531462),526.8715881977238
163,163,POINT (106765.7237775634 102496.194278626),536.4008956471534
164,164,POINT (98004.76582791924 98194.09622640091),919.3532794358334
165,165,POINT (107318.1069159225 103585.2457431667),398.1326207160043
166,166,POINT (106858.790169746 102154.3679863872),875.5594700091023
167,167,POINT (106015.127716582 105320.5172192997),1198.7914665795458
168,168,POINT (99297.5293662037 96370.47379045788),1925.2991850344094
169,169,POINT (107161.6792106876 97424.02450503108),1117.4631955126588
170,170,POINT (101703.2282040863 95215.27246870469),1033.8540267529424
171,171,POINT (95723.99762797954 103874.1010187253),683.8483385399604
172,172,POINT (101384.6561195826 102159.0737342429),803.4868831792232
173,173,POINT (99055.61790767006 97617.3760818765),1059.994297304734
174,174,POINT (99056.67566649616 103781.7281100028),1769.2740883942965
175,175,POINT (97126.10110135583 98016.05639683921),1245.3978334528942
176,176,POINT (101737.9190571512 102085.3370107474),474.7112129853615
177,177,POINT (105351.418765235 106129.1198515951),1132.8151630048708
178,178,POINT (101921.3571021828 105383.9897459145),881.0566748535191
179,179,POINT (95800.72372979917 96134.79280442782),765.0085966561138
180,180,POINT (97467.11232288214 109146.4417300577),475.40740331521295
181,181,POINT (100911.3403815161 102998.1426604473),1172.2739185565306
182,182,POINT (109965.5915932171 99802.33238463367),649.9820445544992
183,183,POINT (106923.4449022172 105103.1292632545),968.6125145403793
184,184,POINT (99811.7735888773 94487.68101417807),567.0686900890586
185,185,POINT (98546.34258979696 96711.17743084439),1953.2231913116718
186,186,POINT (99718.19496081445 108809.8539607619),326.3429763529837
187,187,POINT (100371.5216952414 92712.40822675315),1585.8136378811007
188,188,POINT (102558.8446014922 97514.15148648646),1837.531568937613
189,189,POINT (106382.6357771511 104678.5539501261),467.85510000654835
190,190,POINT (104047.9607649936 108000.9538755851),2297.2841847886284
191,191,POINT (100318.7234277649 98671.952818662),1153.4877944662765
192,192,POINT (102648.1842021555 102929.8987518094),725.4199474128567
193,193,POINT (106515.5839231695 101152.4018312628),435.92561783236494
194,194,POINT (97328.21489941752 104131.7989888094),686.6475914890602
195,195,POINT (97298.15033164095 100606.4006579356),993.5087453468792
196,196,POINT (106682.4013821548 103150.5519804916),187.36685103942355
197,197,POINT (105655.7269218725 100937.9137806866),598.7237645721289
198,198,POINT (94359.93379607417 99917.63136370968),86.81984265635688
199,199,POINT (102932.5805494488 103439.6890064286),902.3184855590607
200,200,POINT (109753.2035222547 102911.650375487),1497.0892323106943
201,201,POINT (99599.51468606485 104681.997075487),1553.0972845900696
202,202,POINT (101146.9040929482 101048.2177610428),231.13021176652654
203,203,POINT (104279.7095039748 97407.4650858519),870.5762723914935
204,204,POINT (102162.8812279592 105907.5573491262),308.4763539500341
205,205,POINT (101967.4904677221 99283.95831797253),1145.3590727950675
206,206,POINT (109391.2130928093 99770.5440581787),320.10664954494604
207,207,POINT (99830.58749993292 105349.8231991885),1316.4303522673817
208,208,POINT (99128.1737047713 99858.33877341368),1024.4896875562572
209,209,POINT (107768.0617987522 103549.7035136298),321.69721133775585
210,210,POINT (104967.9964020989 100455.9427685584),549.9507748955431
211,211,POINT (101683.9737533083 102924.2290280784),532.5705125324799
212,212,POINT (102524.1827669436 100315.8013262593),1024.9474670693703
213,213,POINT (100747.462681908 95969.58498971436),1306.8814873287663
214,214,POINT (110428.6116963792 101586.6536273872),1679.9196996757064
215,215,POINT (109817.5464373063 100049.3837874449),718.8199887345228
216,216,POINT (100099.9382114098 95860.89240317993),1399.862266042129
217,217,POINT (110407.9382282754 100334.4091794182),1318.0950494216709
218,218,POINT (96016.26954627718 104312.6831304208),678.8754276601607
219,219,POINT (98852.47004952589 100806.7476996237),1051.0101848327465
220,220,POINT (94779.55038136942 96656.07519103675),1772.86777688927
221,221,POINT (110879.723958395 100766.1048447466),1785.5298511059195
222,222,POINT (94371.75872324558 102086.1205405979),1581.7902941940583
223,223,POINT (96769.57077770407 95703.87381004934),707.2484514755414
224,224,POINT (95978.54491310268 96080.34267066198),621.5407175495878
225,225,POINT (103791.1411477331 107121.8082210494),1805.6833301991621
226,226,POINT (107985.4007663923 99904.88504673842),892.0093265382103
227,227,POINT (99888.90422742584 108038.4182053906),612.4578339366456
228,228,POINT (95117.42430166432 101847.7361393528),1587.2105713564877
229,229,POINT (101029.2812210297 101951.4494222476),971.3184894909878
230,230,POINT (104751.5528001221 107664.311323582),2348.8448309431164
231,231,POINT (97691.65367454989 100086.8317484402),431.8086561051188
232,232,POINT (94043.70621548643 97402.46847783796),2550.1152666367616
233,233,POINT (99713.67557206629 107980.0870238836),719.4494081995729
234,234,POINT (101994.1891905089 106149.6433404633),246.657425495861
235,235,POINT (99902.50378655698 95144.65801653199),1042.2104132905863
236,236,POINT (98882.90314272315 98223.00646280819),431.38445013547744
237,237,POINT (99087.61588776605 96128.49004988637),1656.211744171926
238,238,POINT (107149.93347509 96951.75629550411),1427.0512571075599
239,239,POINT (102157.8877230099 105728.4555084121),485.28141120916916
240,240,POINT (106886.4654345123 96729.90960474199),1769.3828389340308
241,241,POINT (103677.8491904493 103230.6057316744),847.6472382915216
242,242,POINT (98450.26211571816 107972.3783246898),885.3242422272427
243,243,POINT (105630.1839357274 105192.9559875424),1083.3068594539243
244,244,POINT (102031.6534728192 95524.36109052389),1478.9481116223146
245,245,POINT (99021.74379614367 98284.52998303849),422.69774000506715
246,246,POINT (97382.86289792338 102923.4324685019),1619.4109455276403
247,247,POINT (100292.1430796778 104848.9216166206),977.4015165700292
248,248,POINT (102010.4819223625 99373.30129193857),1092.5322933239813
249,249,POINT (109936.4575623179 101265.5175789998),1095.7212985992671
250,250,POINT (94114.87565361222 99717.23263938511),403.27458054267856
251,251,POINT (101502.7618028736 96858.54774604857),2294.8514930561823
252,252,POINT (100916.2968875541 93295.66658845598),1372.364643518416
253,253,POINT (103261.8864380684 106281.0632392306),1030.592044345398
254,254,POINT (105114.802368136 101497.4592305201),215.5565496186056
255,255,POINT (98154.43527301293 101269.1337689845),1212.0227669174392
256,256,POINT (93845.2253134452 101452.5276956822),1594.966975321085
257,257,POINT (102480.855859472 96348.99445797266),2359.5751623221017
258,258,POINT (101026.6930293477 93897.55673033991),792.9534418397612
259,259,POINT (104129.770491905 105841.1327524543),669.5990584910741
260,260,POINT (102701.4698956714 102852.3780828269),794.3215930784124
261,261,POINT (96007.44838863892 96428.12023977123),524.9104313718716
262,262,POINT (99470.95007467542 108380.5488912987),587.5650247963584
263,263,POINT (98590.17462335291 109504.0719010796),1399.3369662492128
264,264,POINT (99775.06411643028 109094.8934638449),505.34678907293187
265,265,POINT (96489.06333617562 106885.8232865808),1655.4123009142988
266,266,POINT (95190.81983710884 102136.5057080284),1296.2488582470214
267,267,POINT (104690.5240965015 102048.6931305539),743.7529474168559
268,268,POINT (106152.0273210415 98025.67512337386),830.3916380627735
269,269,POINT (99040.59637828926 109088.4281279912),1056.323408069456
270,270,POINT (106737.9297288665 99633.71548720721),1108.4046306449084
271,271,POINT (107474.7914247956 98804.45008377948),666.155180345943
272,272,POINT (99618.19770581179 94518.61146264018),511.08187878430414
273,273,POINT (95645.67521541496 101803.0143317058),1689.0950197753248
274,274,POINT (104083.8229698932 99911.78080056328),586.3222904282306
275,275,POINT (106738.5429290123 106429.0856257795),2213.1521188126867
276,276,POINT (101809.3121664949 101552.207320001),792.1112956027616
277,277,POINT (97920.36175169068 100523.6849828079),513.7995861535168
278,278,POINT (97196.58105486049 106607.5195168384),1055.8391843702145
279,279,POINT (102088.5931349249 94509.00383467175),1270.359542066289
280,280,POINT (95193.78381077026 100719.6824700793),1071.038109998577
281,281,POINT (108319.0516274203 98948.43313906176),226.17601922994575
282,282,POINT (101376.7102573765 104068.7705779281),361.38649510943293
283,283,POINT (94637.90037155576 96619.56424854034),1907.646417891333
284,284,POINT (100277.4142885156 103425.1111687468),1212.9211573086613
285,285,POINT (104337.5999512577 100936.7402658312),744.3962226758955
286,286,POINT (101876.6905945691 104337.3622805801),769.8683282277195
287,287,POINT (97834.24636550232 104856.0472754355),808.3082179201938
288,288,POINT (105014.1129103643 96937.9565504357),1551.0848333230815
289,289,POINT (98519.56285393042 94434.24000102474),420.7466303918758
290,290,POINT (97576.14730542911 104666.9173988972),928.1718642592821
291,291,POINT (103990.722273354 105872.7199810053),787.1346545171322
292,292,POINT (101681.3753368882 97175.54343557742),2651.489887312757
293,293,POINT (95138.73710290401 98365.12708527333),1122.7940043464293
294,294,POINT (99342.29361876327 97634.86597714174),1146.265693171388
295,295,POINT (100820.324358445 98436.11742646342),1425.9403087834187
296,296,POINT (96088.20455500249 104537.0279627476),621.0356742962974
297,297,POINT (108375.4585957924 105370.9123443059),1706.3633707344238
298,298,POINT (108279.5517535863 101597.1023435546),570.490431137331
299,299,POINT (104201.9366327693 102758.8484984076),177.3762688652403
300,300,POINT (99878.99569802685 104124.861293624),1242.149036246892
301,301,POINT (98410.36779705153 109559.6788537426),1296.871214140207
302,302,POINT (98848.5674049541 103194.8867704405),1210.411575222504
303,303,POINT (99602.1754002196 102383.1993387004),614.7975691121022
304,304,POINT (105096.9447007498 105437.5964796989),553.9766135789098
305,305,POINT (97818.58982605007 94639.60950231442),1130.7817232042448
306,306,POINT (97670.00138396389 109193.9400749979),561.3578082621965
307,307,POINT (108795.7456357382 100560.2447863595),311.891867869549
308,308,POINT (102836.8568349773 106151.6778040789),605.5524662411544
309,309,POINT (102952.3331594908 106386.7073078755),740.3818473597531
310,310,POINT (102647.3484973911 99899.59063804113),887.9318285181223
311,311,POINT (106768.1051918804 101926.4736433234),1056.3452852480748
312,312,POINT (110195.1074196674 101930.4431938211),1758.2041359912826
313,313,POINT (94745.83694678571 97094.11781569025),1924.9885441875479
314,314,POINT (96621.35550047904 105237.4180609576),852.6574515147835
315,315,POINT (95882.53281934204 99535.8622975808),777.9477876602316
316,316,POINT (94623.92525349349 102788.2734931981),865.5005176654972
317,317,POINT (109972.0703783927 100760.8703654214),890.2026159450015
318,318,POINT (95838.77220631731 100909.0306219381),1693.6496221343007
319,319,POINT (104260.8297575097 101694.7494964936),773.1194808189831
320,320,POINT (104680.1296559981 97421.15250245664),966.3752170931683
321,321,POINT (99300.21515424887 105988.0395527035),509.8736160344229
322,322,POINT (106837.020910167 97651.47600581528),1329.4342323700143
323,323,POINT (100855.5555612172 105100.3473740665),829.7990443751651
324,324,POINT (106115.4542300711 96734.59413325526),1942.8452475629133
325,325,POINT (99573.80963607064 107427.7048450087),1096.748810223189
326,326,POINT (102503.7196490809 107815.5454027996),861.2907706871823
327,327,POINT (106901.251542461 96824.555056132),1692.1519107863005
328,328,POINT (107445.7139469034 103663.7173226104),250.56620066775093
329,329,POINT (99917.34507672511 105472.4188109492),1307.6242884217988
330,330,POINT (95905.82991804979 105157.5862922815),1099.7056887859865
331,331,POINT (100906.9395406229 98509.40232901891),1380.523441517106
332,332,POINT (94313.02088424223 98565.00213088605),1408.5651862602099
333,333,POINT (103739.4020057385 107442.036428627),1946.790261025458
334,334,POINT (101753.251272269 96388.93248839198),1956.4393447376071
335,335,POINT (97231.22815927143 100590.9272141944),1041.5650716668968
336,336,POINT (107072.1389581746 101700.0546899703),785.6242452492186
337,337,POINT (96474.17063794812 107337.4056669132),1661.9022881882383
338,338,POINT (103775.343997936 107809.1410484771),2059.8191787072124
339,339,POINT (107276.7871236504 104575.553985438),815.7539270868161
340,340,POINT (98150.40152538463 93547.93420444857),1219.4955812696655
341,341,POINT (96363.95685742421 96507.0307379867),215.19466906119374
342,342,POINT (102834.6453002653 102256.4255740324),651.7672015659371
343,343,POINT (97423.6082642101 95747.35970578219),1089.348335991438
344,344,POINT (100337.2310327837 111059.2110260524),2441.790938291986
345,345,POINT (99885.78558282679 96636.40400409747),2184.7767803304955
346,346,POINT (103260.8797272545 106902.6447447592),1239.983922902959
347,347,POINT (102722.4125944645 104287.6238424985),1183.4910938033188
348,348,POINT (98969.26002313137 101288.0065543803),739.0264586694967
349,349,POINT (94024.54990889371 99679.6044752671),498.0804322815207
350,350,POINT (106882.1943042659 100123.8299435296),652.3890155467471
351,351,POINT (95863.86085184249 98287.78299337343),606.7130535283702
352,352,POINT (98949.55081640386 109076.7257789645),1134.9145720893805
353,353,POINT (95378.11375565447 96565.29470844146),1167.5273568358298
354,354,POINT (97857.87107314044 94079.35864994039),1151.631754749448
355,355,POINT (100055.8009136965 107985.9582670024),657.786943785865
356,356,POINT (108793.8857893109 104785.3104986782),1503.9998999228694
357,357,POINT (95901.88952407411 104055.7966981939),856.0322332269019
358,358,POINT (96056.94547325112 100805.7904525215),1829.53294570556
359,359,POINT (96717.51215287075 98852.27598384458),550.3667161266592
360,360,POINT (106647.6254693716 101722.0994842027),983.2084770058565
361,361,POINT (100394.4405704204 93058.66422921732),1329.069930454011
362,362,POINT (97102.17930003378 98425.34431835721),1010.6496074932389
363,363,POINT (104178.7859097708 106481.9279961524),1217.7139177221864
364,364,POINT (101180.3636599581 104853.4431787818),548.6633392366413
365,365,POINT (104946.9327452614 107665.2389748695),2374.125619682587
366,366,POINT (100222.1304921761 93324.68440405776),1018.9030113007923
367,367,POINT (104266.353298298 108256.3958146829),2501.173400525361
368,368,POINT (107614.4774198351 101639.6140177432),337.83233623181525
369,369,POINT (96528.04130579275 97366.17254012451),997.2182466525699
370,370,POINT (101773.5404151452 107357.7020002557),901.0327084207167
371,371,POINT (100256.6521126637 105423.9518896296),1401.8827894086119
372,372,POINT (108522.9183839872 98741.02871262221),503.14259956854147
373,373,POINT (97345.87712725638 104807.1891187383),777.7624064874118
374,374,POINT (107474.8851265238 96929.35516479067),1248.459072268792
375,375,POINT (98414.14235861613 98110.8877693325),663.4740327993802
376,376,POINT (96520.7404700029 96795.9415596895),427.0669356111872
377,377,POINT (101753.1205529251 103815.4409020159),569.6294913433508
378,378,POINT (103575.7919227912 98812.80077389792),846.3753419948861
379,379,POINT (99128.45668015577 93160.94777698668),934.6188014240772
380,380,POINT (99508.92198469667 103556.7731538268),1593.9224835239268
381,381,POINT (106411.2998785507 106380.5177933424),2136.2152862886314
382,382,POINT (95802.54456535586 95726.34748028812),969.8977144229721
383,383,POINT (96193.12562889296 95609.22625684459),830.6673390490523
384,384,POINT (100014.5026361141 97303.17460458624),1808.3615722333393
385,385,POINT (101839.6106497337 109838.7940090737),1581.850093885109
386,386,POINT (106464.6712310986 98506.19357416221),924.2787763583365
387,387,POINT (100070.2705815135 96716.7387312331),2186.9733914482017
388,388,POINT (98000.04761525778 93924.14678591955),1089.7351181010724
389,389,POINT (96347.11224738398 99591.49980757223),799.2750151993399
390,390,POINT (99073.03219848915 97907.76113185986),786.6637462034487
391,391,POINT (109053.6371871179 98748.38232835737),792.1670827825495
392,392,POINT (103728.9904495912 103563.5930212284),1037.8953791993806
393,393,POINT (103819.767515267 101394.1029321653),1135.4548847522283
394,394,POINT (109015.6662815309 99512.39312100658),407.2628264021238
395,395,POINT (102480.6336436463 97765.03518871911),1823.3196187267959
396,396,POINT (97115.39340769858 101141.7953045663),1484.1974919759082
397,397,POINT (97055.23776332315 98330.30027601168),1009.246834754991
398,398,POINT (106062.3435662717 98777.72822684186),550.4204016662023
399,399,POINT (103016.6859459357 108275.3419581646),1251.6156884763843
400,400,POINT (97123.38458842861 99198.18081006283),1029.779279364172
401,401,POINT (100971.0219111956 96501.93609510639),1842.3266513893184
402,402,POINT (99274.63769996878 93533.07660141068),534.881863546753
403,403,POINT (98626.97512540797 92967.75488738035),1360.8358473577712
404,404,POINT (96787.28370861209 99795.12189345667),1161.245314308024
405,405,POINT (96303.91907107559 96228.08353404346),265.54154293194836
406,406,POINT (98736.36739920598 94318.77672063366),257.5105793951569
407,407,POINT (99463.28917078533 109814.1790862746),1288.9574931711245
408,408,POINT (99238.00208942001 101725.7808466611),314.26711361407433
409,409,POINT (100456.734197795 110199.0667414591),1624.1655090584165
410,410,POINT (108276.5311254523 97366.77781364921),650.1230584080731
411,411,POINT (107700.2233801738 97581.40258820637),591.7159794805725
412,412,POINT (104012.1474462203 107420.6687557132),2152.516128992912
413,413,POINT (104221.728168295 98754.73738268025),478.16078795380565
414,414,POINT (93970.44293483914 101030.6720986561),1157.2134303325952
415,415,POINT (106058.468632483 99963.91751342364),675.8055321549198
416,416,POINT (94965.68880711077 98744.56245650978),1204.814163700891
417,417,POINT (105904.2743880387 99992.85369186607),537.697868314321
418,418,POINT (109358.5346072223 104598.5044215073),1892.4067167784958
419,419,POINT (104562.5102066299 100515.4571972379),925.0557458345661
420,420,POINT (105073.1390882128 102539.269939053),505.9763439289691
421,421,POINT (102068.1089864008 105258.0458768414),964.0636664962286
422,422,POINT (94763.91341016992 101063.7557983255),1144.8002561423646
423,423,POINT (97503.10881767236 101816.0845547611),1620.0498006132395
424,424,POINT (98092.98990565097 106175.2609664373),759.952024846667
425,425,POINT (98873.96973528161 93506.48845015538),800.2171747970231
426,426,POINT (100949.4500345565 99866.30424729027),489.4619668351535
427,427,POINT (96018.19808132354 100647.7604025636),1727.1431023991956
428,428,POINT (104151.3638190066 104992.4738555396),432.04906899507085
429,429,POINT (98395.71218772331 97700.97710442632),1030.8603785913801
430,430,POINT (96831.32934309405 98129.66065778516),951.5136397082168
431,431,POINT (94864.86551860058 99686.81599945959),518.0989336956948
432,432,POINT (105268.1165576735 99156.16286628931),628.5144780961518
433,433,POINT (100727.7864723507 100783.1750901707),282.31703887010457
434,434,POINT (97350.1316838628 105055.5975836018),588.3041762891672
435,435,POINT (99831.92113467185 104754.2647652694),1350.6717670736823
436,436,POINT (102285.9833193741 104387.6989423468),1094.0483783942411
437,437,POINT (98010.09488929053 101422.8291271027),1249.3527275757353
438,438,POINT (104915.3715455341 101567.0714618552),217.26354747324635
439,439,POINT (103440.6708906928 98236.21071256886),791.0643773956906
440,440,POINT (98973.97507030785 103476.4472640941),1469.568189939856
441,441,POINT (102015.4207477763 96932.15890449245),2559.1937138990347
442,442,POINT (99115.36028159295 104860.3157105656),1394.247670640635
443,443,POINT (104446.6906644232 99290.4939534194),1036.585497459854
444,444,POINT (107871.8168962848 104051.5343235998),325.81935934490497
445,445,POINT (106505.8572508559 104760.2469458073),532.3245694683534
446,446,POINT (94866.17975728787 101614.9033332292),1702.9801954797238
447,447,POINT (104187.8655345849 107038.362333747),1753.4629132892144
448,448,POINT (99220.49148274492 93282.1536184193),788.5441549558142
449,449,POINT (103439.6186605554 96917.17043286018),1572.9031560014507
450,450,POINT (103943.2688987189 98530.56050979972),383.51264178455517
451,451,POINT (98145.83778497373 100271.5485832276),221.7389241939929
452,452,POINT (104919.2869257251 98850.96087109037),676.7322027770463
453,453,POINT (99929.91561675545 106416.4163131987),1095.0057582208185
454,454,POINT (98985.6938483314 95978.38353710203),1500.0869391458818
455,455,POINT (96642.03059708292 101481.7817111016),2058.4248979771837
456,456,POINT (106006.187758934 97220.92568392285),1446.3937372470205
457,457,POINT (104163.2851075934 103950.8372041978),681.1331382444691
458,458,POINT (106004.1126436215 104620.5480072731),639.1322619917704
459,459,POINT (102114.521516869 100654.9464560194),813.1264058135774
460,460,POINT (95556.25789291863 101387.7454175396),1811.582935500391
461,461,POINT (94687.66615019261 99066.1714712539),938.5360166810851
462,462,POINT (95160.2195327739 103380.2917732166),66.82865691133964
463,463,POINT (95015.31391169783 100954.7643057436),1146.6288275282818
464,464,POINT (106324.3347979766 105772.6442132374),1555.6473933689686
465,465,POINT (96278.80263696826 99201.8859914038),404.7629663796399
466,466,POINT (96107.3122803931 95520.94610300995),947.0748702628902
467,467,POINT (103139.764234175 107864.5771655151),1429.9681082800562
468,468,POINT (100465.3766617841 96151.92961648919),1530.303113683402
469,469,POINT (107829.8725363789 99565.47790627323),610.0386016299714
470,470,POINT (95212.38459711823 98159.75898210684),1157.709860125147
471,471,POINT (100409.0930769739 93475.61952021206),1077.3631807422548
472,472,POINT (103021.2695142194 107824.0320718499),1329.169340998234
473,473,POINT (95655.03277079073 98669.15933638062),533.1645187112595
474,474,POINT (98232.8695164447 101596.2502005318),972.2301651646414
475,475,POINT (95675.99248987432 95843.64158249644),1001.7979750068538
476,476,POINT (103521.2141275993 102202.7692170165),1020.2120485045843
477,477,POINT (101148.1234881056 94495.42948143838),362.46002798074994
478,478,POINT (105806.8546984351 99282.27570729329),738.8762261661594
479,479,POINT (97611.01924212457 95309.95780413998),1514.0047858502344
480,480,POINT (102265.4473461683 103559.2667596064),328.6101877054426
481,481,POINT (105826.3835901985 99071.23161799311),556.4058938724115
482,482,POINT (97747.91419285897 101908.4641681592),1367.221300508798
483,483,POINT (94571.5684539177 98163.06155176691),1723.990163858001
484,484,POINT (101163.5961377301 105709.5712553805),1180.5678459640658
485,485,POINT (106035.9775209506 104280.3983946265),475.3611572102338
486,486,POINT (103820.6445429305 97934.11410511327),534.3070638934106
487,487,POINT (108055.2811335764 101666.0954260293),433.1352053683489
488,488,POINT (106947.4518573614 101973.8174555111),1038.7559456127033
489,489,POINT (104380.8448492341 107926.9254016284),2609.0092555247397
490,490,POINT (107549.7208272945 105905.9117418984),1974.8178593772247
491,491,POINT (95843.76567758543 105171.6014167284),1154.3159471168758
492,492,POINT (99410.28843276213 95286.94774533519),935.8538250136036
493,493,POINT (109200.9624977493 105236.369432566),2106.3717882523097
494,494,POINT (104251.4422841036 104371.7219800028),253.61162155772357
495,495,POINT (110126.4073720009 102091.9712962518),1849.0308578751844
496,496,POINT (95687.91176300317 97906.12919518212),1025.8699468755865
497,497,POINT (106100.4045066605 97340.219688977),1369.3654017566728
498,498,POINT (108484.2580085612 102169.4700018256),890.8116737240022
499,499,POINT (96321.1854550381 103674.6523910197),803.161709422088
500,500,POINT (94397.38406665131 101489.9237618163),1521.5880485401885
501,501,POINT (100062.5244637131 99773.96188351273),402.25931467372885
502,502,POINT (98653.88612039191 105350.2678905714),900.8418358987274
503,503,POINT (98327.14721321983 100428.1267412984),429.23738553533695
504,504,POINT (106451.9557524083 103613.7240304765),616.795804831957
505,505,POINT (105929.2760041067 103090.6270330946),420.50390825214237
506,506,POINT (102168.1545768012 103881.2379463886),574.061507009742
507,507,POINT (110330.2616020073 100325.3984394102),1243.1091393165807
508,508,POINT (102998.9268319294 103660.4569822391),1018.7899607109599
509,509,POINT (97084.58401247648 104113.8301729024),479.44277435389813
510,510,POINT (99926.88162980486 101212.9403176829),255.23724659925836
511,511,POINT (96112.48233322332 97327.77324067087),1045.385704344848
512,512,POINT (95852.18451933107 106928.4269225667),2145.047272007859
513,513,POINT (107531.5840714642 103416.451209058),432.0420056925783
514,514,POINT (102486.7352187543 106194.6857538792),253.16668100650713
515,515,POINT (97799.50737174531 108197.9540200046),578.9304398201383
516,516,POINT (106437.5429787304 102938.6992978677),169.57286807439084
517,517,POINT (106125.8947309904 106070.7156787503),1739.638959927795
518,518,POINT (94573.63252272338 103174.4012610261),679.0871257736176
519,519,POINT (105016.0484626535 102161.5463178703),810.5284598252057
520,520,POINT (107169.2739677056 102298.1375582441),808.0473334296196
521,521,POINT (100300.7374248672 109913.7323855004),1308.1879939143223
522,522,POINT (99312.06331248561 92635.57100392654),1400.6652188568692
523,523,POINT (108331.9142122358 102966.1228509089),96.72030785637452
524,524,POINT (106083.8684302143 101158.8386414334),707.7867687865948
525,525,POINT (98116.80903375664 104326.1027485496),1406.2443211822588
526,526,POINT (107131.3682172717 103625.4374718104),538.0624513745647
527,527,POINT (105715.9907118253 103727.7573190145),553.5302933229929
528,528,POINT (102445.5796049231 96642.44566726904),2420.18910895532
529,529,POINT (101294.5086421786 107948.2251531828),563.8479666985667
530,530,POINT (101208.7520703582 103140.9717537802),848.7599338657736
531,531,POINT (93980.76945618798 99284.34402289313),818.7024940972035
532,532,POINT (106546.376642819 99952.89230365746),793.2999016349539
533,533,POINT (98535.70461047861 107899.9251367322),841.7618760221711
534,534,POINT (95736.63664899138 101593.457210707),1915.4718439555088
535,535,POINT (100649.4351395768 110509.2476513451),1978.558207215249
536,536,POINT (100146.6448706933 97910.79943002785),1530.7519476433886
537,537,POINT (110332.2545616499 100330.3519184201),1244.1893907625417
538,538,POINT (110071.0968708662 103268.2169246976),1825.5191020506902
539,539,POINT (100546.9546912052 96282.99765044369),1642.025965164783
540,540,POINT (101821.0110168694 104146.5181611783),732.0999314979435
541,541,POINT (97047.3161716732 95298.47649548569),1189.3532484371556
542,542,POINT (100806.0929236649 93353.78162112039),1311.5786119742004
543,543,POINT (110501.1519288392 100730.9688359128),1405.5383888005915
544,544,POINT (99618.66574609623 97895.02872409677),1108.3262364220773
545,545,POINT (98411.6422670008 101969.3166194315),700.849615306455
546,546,POINT (96551.62615318877 105712.1106039161),998.3403321935604
547,547,POINT (100133.4197869111 96078.83517647172),1575.018673585863
548,548,POINT (103964.9188135907 101577.2287583928),1014.5793004750707
549,549,POINT (104025.4148638777 106648.3605468487),1426.504456343401
550,550,POINT (99356.36330522275 109165.8148897729),828.4861335233363
551,551,POINT (107100.3518945493 103158.9313906452),304.137571924002
552,552,POINT (94112.76163117646 98087.82805860751),1907.4522871718136
553,553,POINT (98956.74739322014 98692.19416265383),158.56794047460767
554,554,POINT (96890.19825219033 103258.1713870642),1146.8701769610807
555,555,POINT (97165.21539469245 102029.4794472445),1945.9628468288333
556,556,POINT (101389.0533947016 94536.28844602921),575.7947259085947
557,557,POINT (95185.2489327505 96890.96134932818),1441.5945020300198
558,558,POINT (96255.3187017537 98887.54106921521),114.74069708289902
559,559,POINT (103494.9641200927 99607.01569698204),462.60137774848437
560,560,POINT (96740.4392439064 96318.55474247083),217.34973988274973
561,561,POINT (103694.1242629859 101933.4552146253),1069.4829667789318
562,562,POINT (95402.78989493179 103001.3483496371),475.9407825535579
563,563,POINT (108544.2885600196 105096.3115389186),1557.8765035578372
564,564,POINT (104587.7312669796 106560.0824910781),1236.7993193900245
565,565,POINT (102277.6492085417 97033.49700658825),2315.1382599550425
566,566,POINT (106245.7754183725 97515.43011897309),1284.5820628415129
567,567,POINT (101062.1915994808 106234.3015856854),1172.0149218313657
568,568,POINT (103770.5721117992 99516.21851022456),607.3414609744166
569,569,POINT (107533.2711216669 101858.0014439365),569.7775893839442
570,570,POINT (105055.8588979817 98329.24250368815),554.4855007632088
571,571,POINT (100798.72501729 97213.86740952173),2455.7592810824667
572,572,POINT (104658.3186405459 96905.85675218041),1435.9530054636077
573,573,POINT (100746.5630232296 106823.4013809344),851.1413388821919
574,574,POINT (100698.7042380668 101517.9715818127),578.0228454123582
575,575,POINT (100408.6366672941 100374.1852412863),560.3427481947402
576,576,POINT (100861.8307517247 109818.4702472186),1460.4886012156953
577,577,POINT (102728.6788140846 99524.95461056786),959.4477953227514
578,578,POINT (104786.3499810508 105120.5635522457),308.04119442330114
579,579,POINT (99368.56537286389 103373.2465030687),1384.1098486010367
580,580,POINT (105744.3420988062 97564.36340114466),1046.527840608061
581,581,POINT (105166.4677884198 100166.5317417603),392.18370053399804
582,582,POINT (100805.4099122627 96062.60220103033),1397.6032574174676
583,583,POINT (95667.82690725416 100674.8203578176),1424.941010190062
584,584,POINT (105264.2206277752 101494.770079022),340.48422397384996
585,585,POINT (101605.4770696137 102837.3965148417),649.6213516420223
586,586,POINT (103944.637127284 100196.2548263402),444.282754473554
587,587,POINT (108329.5981997691 105442.9257210487),1752.412112604677
588,588,POINT (96533.99016657445 104424.9864571413),161.39505807078208
589,589,POINT (110929.9545095345 101675.002370641),2142.275919335773
590,590,POINT (99778.12816148758 92889.51915947576),1174.0248652732723
591,591,POINT (109630.7439392567 103371.3778561777),1411.2522943155452
592,592,POINT (104602.3196515346 104132.6276597844),538.9624848440718
593,593,POINT (94421.53698005243 101928.3338262106),1694.6265483811264
594,594,POINT (98576.14429500881 104172.2694004606),1770.0006571562142
595,595,POINT (104313.2135600017 99212.91598581642),939.8841579318189
596,596,POINT (101649.8944627075 102982.5313448169),515.6749543077669
597,597,POINT (102597.9509405816 99547.08584755129),1058.614904815855
598,598,POINT (102653.3233746062 98647.53945632749),1620.3917131468947
599,599,POINT (104474.3460384014 97640.32630649074),681.3844395632105
600,600,POINT (101186.6386141723 108574.2065922404),658.9827150131907
601,601,POINT (96623.83658493859 96368.29469692605),94.82514986664965
602,602,POINT (107298.566573764 102984.6370605676),475.4360815338907
603,603,POINT (103635.6470371819 103173.4593120483),853.4388245061264
604,604,POINT (94701.46323475025 96639.29343695051),1847.4370944074296
605,605,POINT (101938.7600797211 98963.50643378861),1420.6654918142285
606,606,POINT (106984.5480158351 99540.27390914467),1197.3205136993802
607,607,POINT (103554.6254220191 96737.25238405725),1681.3255481279118
608,608,POINT (100811.2635230186 104370.5637010462),302.2559709117928
609,609,POINT (104946.5985651291 105462.7718272052),415.74308714073106
610,610,POINT (107865.4285936154 96966.5799350841),1062.4058560599692
611,611,POINT (95868.50399971523 103996.0845448274),872.9569425647884
612,612,POINT (106868.9154367412 99677.78169377956),1082.2898025442878
613,613,POINT (102414.6417183389 108963.1651945223),958.1629441582558
614,614,POINT (98757.39471318884 109092.6935941099),1319.803476699233
615,615,POINT (103667.4355701617 107235.8236310686),1764.072505490055
616,616,POINT (98465.07243307125 99607.50404778396),560.7906225714462
617,617,POINT (97943.78439295875 98172.82686977823),982.963981974643
618,618,POINT (110303.0619654876 103285.4947951001),2057.809038192644
619,619,POINT (110024.559816557 101447.8417991102),1284.1129979682028
620,620,POINT (99735.15219001505 97876.89003579269),1207.9771730755906
621,621,POINT (99650.70594735567 97971.52223082454),1082.749492136423
622,622,POINT (98447.25179334669 106599.2036612301),547.6089801911219
623,623,POINT (109059.818783124 100032.1483458143),519.0879853465108
624,624,POINT (101857.2269896563 106768.6108835854),675.6154793154407
625,625,POINT (98401.18679631357 99850.6689090477),343.6962601758734
626,626,POINT (93915.62429510584 100714.9227695364),906.4248175900799
627,627,POINT (107743.5279476263 104698.6483683934),868.5519953049876
628,628,POINT (95857.48143224722 96580.00854538522),703.9171310139624
629,629,POINT (106400.8665261941 99539.04012143541),1210.4133477710975
630,630,POINT (98212.31622268689 104571.354403325),1235.2837392958143
631,631,POINT (103063.8404271223 101278.6594773549),1292.4530541003294
632,632,POINT (99609.61635054923 92082.69432839272),1947.2311108899155
633,633,POINT (98589.55238981197 108233.9470456428),1175.0489995290595
634,634,POINT (99434.06666013252 95932.64631822472),1535.9315578672051
635,635,POINT (97474.27848742413 96473.14291180916),950.989288262078
636,636,POINT (98520.67969017792 103198.278414377),1323.9345595079533
637,637,POINT (96666.88198176367 105728.9262768294),885.8434602484648
638,638,POINT (109467.1148354541 99510.05596572976),76.12303091642919
639,639,POINT (101338.3006202019 101232.455424021),481.8512901348286
640,640,POINT (95503.49409212639 103745.8668882393),434.92875583608804
641,641,POINT (96435.81859326598 100389.177573055),1599.2453967402919
642,642,POINT (101540.2185918814 102619.5323510192),741.0079147173157
643,643,POINT (108034.3497725343 105057.0290215956),1285.5994857814492
644,644,POINT (110402.4943493135 103017.9686757194),2141.5928392324145
645,645,POINT (101668.2113617463 94732.9491595647),843.0694863039147
646,646,POINT (104532.6883564318 100284.8801448029),979.0563352104682
647,647,POINT (103137.9959353798 102274.6221907513),955.3924872285874
648,648,POINT (106658.8972571731 101924.3640783497),1012.9838151520333
649,649,POINT (105016.3679846771 98199.67536347591),657.5483346218249
650,650,POINT (98133.90358464271 96836.64136998163),1671.6465522706355
651,651,POINT (108944.6983437833 99245.02407066613),516.7492892494263
652,652,POINT (97530.11068419807 108877.3208131605),216.073896448168
653,653,POINT (99107.64479679082 109892.9757142352),1535.897417554679
654,654,POINT (102078.7823465887 108124.066581921),341.2783231864815
655,655,POINT (100515.5854051886 106678.9514620533),997.6477574044392
656,656,POINT (100986.0395540573 104585.8107223227),301.6062470942085
657,657,POINT (94325.70728083204 101936.2255663635),1734.007239236803
658,658,POINT (95635.80515166229 99558.22869833891),916.567564882312
659,659,POINT (100353.6633469618 111071.4178900918),2456.208239335962
660,660,POINT (99915.0038666366 97410.33746560513),1662.1482653039404
661,661,POINT (97492.83041981366 104901.9766807221),710.6843665187646
662,662,POINT (101109.0725471568 99945.41033900704),437.15841732848054
663,663,POINT (106777.8031907371 101102.2146523413),383.94170681161626
664,664,POINT (107563.1345871109 97007.81606187852),1136.2044817033368
665,665,POINT (107607.8674300748 100792.5666710263),486.90846091346305
666,666,POINT (100420.2263150952 95781.57948962614),1188.4959226820824
667,667,POINT (101249.3044599673 98018.52373931291),1962.5269673228674
668,668,POINT (98614.01659068 103097.0345738536),1192.3093318850536
669,669,POINT (100130.4778319822 108843.5828924019),242.16248768191042
670,670,POINT (103136.6424056325 105614.9287317349),1079.984228381249
671,671,POINT (107806.5845504002 102033.5388610538),694.6010816420417
672,672,POINT (97631.59547418902 100324.9914544097),561.6906693151898
673,673,POINT (105452.9665885483 106345.4986384951),1360.4169250611733
674,674,POINT (97113.72756193869 108467.6334636649),406.6138626326148
675,675,POINT (97404.40485837833 103830.7647808188),905.0005140605574
676,676,POINT (103063.2323431992 108759.0748166163),1391.1565101685526
677,677,POINT (104262.52582172 107622.1041939924),2316.8913002134236
678,678,POINT (97148.82892675261 102714.6301389909),1734.4939489785459
679,679,POINT (97878.1350349171 101980.9564882364),1233.3998009593224
680,680,POINT (103631.036250939 104973.0038257436),803.5310594832001
681,681,POINT (95362.86371493946 99842.40076587208),941.2207575353405
682,682,POINT (104758.5756080786 97858.55584463244),673.3973283553514
683,683,POINT (106360.9507278326 103620.7725226386),624.8118453474523
684,684,POINT (105440.6518489078 101047.4391364688),574.4032266317339
685,685,POINT (100645.7204025314 92312.41136878669),2070.762972865977
686,686,POINT (111160.4242563743 100937.3656450168),2089.389817636007
687,687,POINT (101796.6501240598 101729.358038573),648.8239471904327
688,688,POINT (104740.3999476458 100159.9428578918),793.6181260102138
689,689,POINT (108699.3988613985 99943.12690602815),730.502993467832
690,690,POINT (105026.8394656361 99988.5344732236),607.1378790763061
691,691,POINT (100184.0477298024 109204.2161033526),593.1355162847722
692,692,POINT (109979.4275954442 99278.31027261537),587.2117595941185
693,693,POINT (94517.25753135908 101592.9217828789),1626.5670650186678
694,694,POINT (99807.84429228817 95960.72196670776),1648.903615479714
695,695,POINT (102526.3738711158 97618.81209778367),1826.8809045847108
696,696,POINT (96778.05490040054 98457.42906517033),705.3104057721995
697,697,POINT (103614.9760215808 103356.4223162603),972.7551454481543
698,698,POINT (98817.07658499727 109467.8936766972),1441.1862348560228
699,699,POINT (100228.8585990219 94957.04076185969),666.331618653792
700,700,POINT (96229.3830482565 104622.3163464568),517.8564449799557
701,701,POINT (94362.28438695621 97534.51688666359),2212.638754255835
702,702,POINT (100137.4489534459 110289.0852632487),1653.8509601019264
703,703,POINT (103723.3612859567 101638.6407004792),1263.750961304451
704,704,POINT (101274.1673611633 94289.389985519),583.4371804440424
705,705,POINT (97730.40287715699 104539.2977076351),1050.4155091221141
706,706,POINT (98249.61192273581 95332.39402599078),1096.3325393326038
707,707,POINT (102743.9912284061 101322.6840208948),1084.4371051170128
708,708,POINT (96310.12584085306 106387.3927278963),1458.6305246127658
709,709,POINT (99388.37536181499 108936.4487715893),676.9753442239484
710,710,POINT (104970.5235593294 101640.2612955276),287.3501108053022
711,711,POINT (108188.4718150971 105047.4292365062),1333.8676855531523
712,712,POINT (94619.00638944544 102936.7764780685),765.1476895550296
713,713,POINT (103408.8717462496 100875.8564268872),814.3397377476022
714,714,POINT (98125.95094269322 97712.58495606766),1155.1021086259177
715,715,POINT (107216.7895480137 103356.1311006916),510.045766288411
716,716,POINT (105250.9888863215 98637.16438600018),296.8751649103856
717,717,POINT (103451.7161023558 101645.3776774881),1405.8028493602096
718,718,POINT (105156.0385470505 102441.1595184774),529.6835260436163
719,719,POINT (98529.73007134281 100484.4293156331),595.009500508615
720,720,POINT (100040.0450315877 110164.2541178627),1523.6852190659797
721,721,POINT (104469.7209134866 100435.8144059325),1019.0599046174161
722,722,POINT (98998.54027924579 96536.66069345389),2058.4959475632604
723,723,POINT (101177.0147357463 103698.9021734432),614.725001489096
724,724,POINT (102584.5187525349 103090.3136894976),593.6979004288985
725,725,POINT (99815.86879819009 92674.39381584694),1391.8374341632054
726,726,POINT (102367.323588901 108356.7791126544),610.0787341478962
727,727,POINT (108056.7523612124 100249.7294639809),753.5832294320785
728,728,POINT (105034.3099092785 107112.5373776786),1851.9699765092332
729,729,POINT (103841.4231083468 104915.5576819737),591.7672268985261
730,730,POINT (99170.08360432785 103637.173552153),1624.9523976050132
731,731,POINT (96476.25082735809 101857.1777542745),2026.5351243181067
732,732,POINT (110722.9077899597 102640.9759323724),2492.7949015388945
733,733,POINT (98220.68751876356 95125.06723300439),965.2691995271509
734,734,POINT (105891.2306771795 102197.9544640504),774.8975790954107
735,735,POINT (96012.21828838666 102533.5746603983),1210.54717454367
736,736,POINT (103823.1479581176 108388.3746200475),2062.0486771778947
737,737,POINT (102447.6305681697 99291.22525053409),1323.8934309916317
738,738,POINT (100950.6916163376 109122.4877327758),1067.774592682587
739,739,POINT (102843.1892857734 108962.1554073166),1287.2284944406347
740,740,POINT (101913.2105913317 94565.06147904051),1089.9484244811204
741,741,POINT (97866.18549559655 97804.29247833308),1261.4843237583616
742,742,POINT (104716.4388682044 100255.1453835758),799.1868213784032
743,743,POINT (103452.7011779107 101184.7926813676),1117.7651577504434
744,744,POINT (97973.43955919619 102731.4844676691),1345.398477133898
745,745,POINT (104504.4103609587 103928.651350304),686.834811848793
746,746,POINT (98283.64432991661 98472.96818384732),549.412647528195
747,747,POINT (108004.3533853539 96937.88332395475),1066.3688524452627
748,748,POINT (96555.82591725871 104648.6102391747),293.92651670531853
749,749,POINT (104118.5267542657 102193.7572932835),618.5434693477071
750,750,POINT (100289.9308033808 110989.2790609137),2366.25007990514
751,751,POINT (105623.2089924182 97505.29314535981),1089.1692807032
752,752,POINT (104811.8324444453 98633.70941367331),682.0543734673705
753,753,POINT (98345.66136848756 106298.5450569431),510.08387002265556
754,754,POINT (103080.8075458735 96630.22185207739),2008.236724636097
755,755,POINT (100826.3839861524 101036.856686066),110.47211613562484
756,756,POINT (107105.5882685186 102103.7988273992),967.0175343352323
757,757,POINT (97108.84403352585 103107.6803998569),1346.4078096965998
758,758,POINT (102116.1254508237 97573.3993666184),2228.4532467943463
759,759,POINT (97169.88192488156 104920.304018605),716.3056325562013
760,760,POINT (97114.39301567127 94818.38554997591),1657.3876444152272
761,761,POINT (101740.4677286401 104309.7216191042),633.1470270490622
762,762,POINT (100175.4927361245 101309.7136644986),348.74204788626895
763,763,POINT (101198.846709204 107778.9803983353),565.9324966848963
764,764,POINT (97963.08262142664 95953.52131538834),1493.0299834709751
765,765,POINT (103995.3693282112 102157.7881552702),709.6698419145841
766,766,POINT (100470.2300699236 92573.76526868051),1755.9617526332945
767,767,POINT (97521.07900576029 100773.2590758646),939.4688909905343
768,768,POINT (105803.1405038122 106330.0477033041),1603.4494208636568
769,769,POINT (98186.56013264286 106626.6030073185),489.3277057905262
770,770,POINT (96160.2326617736 101280.0317375465),2170.8970078969855
771,771,POINT (104032.6414510439 99560.08394982049),723.0813666984529
772,772,POINT (108939.9912005738 99949.7570188477),622.2436625542578
773,773,POINT (98875.82714232072 97875.65359288685),774.8596466376996
774,774,POINT (99244.85926255668 108730.8592447406),758.0224401829176
775,775,POINT (103498.1211026537 102304.1310842205),989.6406361783683
776,776,POINT (97691.86931055106 108821.8292549147),271.73753117527616
777,777,POINT (94289.28761925404 101062.3079228133),1102.6542662265592
778,778,POINT (105544.963733148 105868.068391775),1129.9295209782663
779,779,POINT (97010.9680116192 106218.4914430826),808.9041117537561
780,780,POINT (101642.2385998809 99216.40285441915),1088.0648911858052
781,781,POINT (97800.55364118022 104537.699011016),1103.1140486700974
782,782,POINT (98453.43812265778 103069.3768607682),1244.126007169162
783,783,POINT (102954.1870127372 104679.4756027317),1394.0298490185378
784,784,POINT (102423.1047343072 108615.7233481883),748.5534559104392
785,785,POINT (100152.7061420403 102042.5474377594),652.2622736026225
786,786,POINT (103873.729908364 108298.4762390931),2108.924171260587
787,787,POINT (111513.7661046522 100112.9410634771),2197.2916164985604
788,788,POINT (99642.61459402653 92130.71623409419),1901.8020660072616
789,789,POINT (104497.9265686147 102326.952025354),443.8642432392337
790,790,POINT (105165.9525725498 96653.12471509425),1873.6504374681285
791,791,POINT (109896.2197598846 99119.60023120404),581.8618542186878
792,792,POINT (108973.7721388075 101268.7388756241),731.9983618800865
793,793,POINT (106273.198855512 106520.2659288318),2093.948002571819
794,794,POINT (104752.6736857849 107528.9820186005),2214.1200654021627
795,795,POINT (101255.5579677679 108954.4008543661),862.3925623346065
796,796,POINT (100533.4654419068 92634.60294722779),1743.360854997074
797,797,POINT (97850.22228620318 107990.4943127539),781.607174862479
798,798,POINT (99880.40073034949 96951.63952036065),2008.0405186338007
799,799,POINT (99042.56972171999 97920.02549611383),765.1344339135197
800,800,POINT (107005.3168383618 105662.8943121946),1518.5582255557445
801,801,POINT (109212.266545427 98018.92942288112),1091.94422431542
802,802,POINT (105501.7485414093 104096.3392998069),366.49993117891364
803,803,POINT (106841.1772011492 99325.73139426003),1299.8704515314937
804,804,POINT (102658.7365601944 103940.2723030811),876.0506382916498
805,805,POINT (95230.34995182473 99546.63432021478),904.6788430017153
806,806,POINT (97563.79136356 94570.78425875162),1377.1824356257082
807,807,POINT (108594.6220298345 103267.3378016076),408.4114318585519
808,808,POINT (104509.9561565117 100353.247889929),999.1052710646273
809,809,POINT (100699.8267026116 93267.4257318876),1403.6062519704885
810,810,POINT (106396.3610209989 106422.7962347667),2144.6020016423454
811,811,POINT (107829.1875055605 101124.075386643),223.68866052935323
812,812,POINT (99992.70137410668 93626.17528213281),647.8382156858592
813,813,POINT (97269.93989901736 98523.95419625255),1138.4992813083265
814,814,POINT (95047.21629653906 101149.0606124207),1331.932513338664
815,815,POINT (98098.41504652813 107648.9129831828),552.7528367423868
816,816,POINT (109164.7818581267 100630.7727552339),99.83730983643493
817,817,POINT (100107.8208046021 102153.6903674902),737.0270601852401
818,818,POINT (107811.6272321061 98974.97176708654),296.74902992522675
819,819,POINT (96078.39957507321 103707.1373918971),915.5973385306276
820,820,POINT (97254.87448764131 100293.5225730674),900.3578299797537
821,821,POINT (99417.96057569455 95000.19582239012),708.539386666349
822,822,POINT (104748.0300336844 98647.14067624614),636.3059744738732
823,823,POINT (101027.5733742496 109517.8051821288),1352.5679762747052
824,824,POINT (94723.3721109474 101837.2937210309),1665.5699334101778
825,825,POINT (109344.0558623414 99032.93043091567),425.20406449108566
826,826,POINT (94766.25826654876 103006.1654497723),609.5297824271127
827,827,POINT (96144.65583700834 95813.97589854703),675.0796522497932
828,828,POINT (104261.4048204584 102141.1109790142),624.766885303243
829,829,POINT (109652.0309175742 102861.1619255131),1401.515671093016
830,830,POINT (101976.6510416475 95780.58428615838),1601.1950627717065
831,831,POINT (101399.4227405155 102396.2356504241),796.8859129801126
832,832,POINT (96107.32541971341 102199.4046564864),1530.112412076375
833,833,POINT (99198.42322910116 101742.5206019045),284.5002419089601
834,834,POINT (101921.0296884634 96653.44004623748),2268.959706825857
835,835,POINT (95699.94216795787 97450.22439657828),1362.5357498452222
836,836,POINT (102977.7788012059 102596.630953756),866.8945170868278
837,837,POINT (106386.196223629 104683.5564506474),471.7401906524698
838,838,POINT (102171.1408165102 108780.7089824911),661.2874080355699
839,839,POINT (96094.52544573187 103131.8784019812),942.1690033038401
840,840,POINT (103868.6812383131 102015.3500207273),898.484373729409
841,841,POINT (103330.4353369036 102504.4777940536),1078.254051689125
842,842,POINT (107109.6620101077 98336.40850413519),1066.0336860134562
843,843,POINT (108294.3872700941 98544.99237544788),512.2832484308332
844,844,POINT (100063.0134063241 100811.3312693137),678.9675302293997
845,845,POINT (104203.1513754474 97708.1733440855),569.15456082504
846,846,POINT (110368.4030939516 102283.6531143555),2144.5029703181613
847,847,POINT (100665.6911474241 106793.5240429998),875.0699100850803
848,848,POINT (98728.43201545878 102156.5372367677),408.6103787996184
849,849,POINT (95152.76284191541 99775.88979061834),747.8872241611978
850,850,POINT (104263.9563329418 100804.7661950229),881.9252566079288
851,851,POINT (96910.23613954586 101360.662061595),1784.1769099395085
852,852,POINT (97058.99307214507 101457.5226580569),1762.945677708226
853,853,POINT (98792.14313106569 106152.0306032234),97.12488047895599
854,854,POINT (99595.33149257685 108162.4873052819),625.2307135763289
855,855,POINT (95395.7601020889 97171.40441017981),1388.5925318855268
856,856,POINT (96708.77868077357 96890.64433200996),551.792930601806
857,857,POINT (94918.21896679538 97869.90224089545),1565.8106042284344
858,858,POINT (101317.0422907823 101868.3949077721),946.4990835920769
859,859,POINT (96835.14296551507 102867.4704430853),1526.957900647672
860,860,POINT (95231.70685889992 104311.562851502),879.3667272321419
861,861,POINT (105899.4377279506 98332.38893970479),439.6380037459825
862,862,POINT (102658.8006207131 104906.6234473426),1368.7423105983007
863,863,POINT (101014.8859242881 107935.0161753778),456.9490901379162
864,864,POINT (99343.74631341128 97166.22487951844),1576.0692106504034
865,865,POINT (104169.0866829131 100575.0844081016),823.8800666695289
866,866,POINT (99851.87326446368 107061.0194841621),998.0100940238453
867,867,POINT (99617.22840547393 106253.094591001),766.5786202682976
868,868,POINT (98836.26012869037 100421.0720515881),804.4104681243412
869,869,POINT (103535.221294332 102063.2836030595),1091.0587369852465
870,870,POINT (100029.4489261797 107468.6624525066),646.0171195577751
871,871,POINT (107417.3336707622 104740.2403912544),925.8314098275412
872,872,POINT (100801.186770688 108063.0433650354),424.9284386714866
873,873,POINT (99412.77000501427 97068.22055879969),1692.0612044380782
874,874,POINT (103551.9440349293 98218.1065796238),681.2773377668497
875,875,POINT (99156.37191701263 97917.92735330397),809.6797147644205
876,876,POINT (99401.35393363022 103625.2720029042),1637.9016313782338
877,877,POINT (97209.75655664274 95989.32809519512),779.4403140000239
878,878,POINT (94621.66419791148 103755.782470567),663.9186821579091
879,879,POINT (104722.0832567757 101584.9935880134),328.1281839187599
880,880,POINT (104374.6073105974 100169.0849055388),861.4708343264164
881,881,POINT (102775.8918514527 100504.984433965),861.5418040707806
882,882,POINT (106688.7702491458 105872.3931080506),1654.323011976616
883,883,POINT (107227.1479647249 101526.1420489608),574.2368736631993
884,884,POINT (105441.013849823 105576.7377394108),921.6262568161624
885,885,POINT (107873.6404769531 103466.6439910173),446.6882489399697
886,886,POINT (96368.49569861648 100991.1052608708),1989.5545192996015
887,887,POINT (96814.44319163091 107880.1844548137),1024.5610492229698
888,888,POINT (97916.87215931366 103468.3455280249),1532.2580213956678
889,889,POINT (100653.8075071468 98085.26979207003),1741.7054656094813
890,890,POINT (97861.3917706589 99962.10428169364),275.36607902677747
891,891,POINT (102633.6939857477 98181.43699607217),1599.842832227804
892,892,POINT (99555.93949653857 100661.2995792117),854.2359937230725
893,893,POINT (101996.9736307658 96821.55111510193),2452.904787476076
894,894,POINT (101280.8656169722 103791.9520679011),546.0248244868986
895,895,POINT (106582.6575898563 101167.6824554717),434.6063180952431
896,896,POINT (109367.522791131 102338.00848534),1306.1047847804705
897,897,POINT (97674.41936877448 104979.7473808346),644.1840126437911
898,898,POINT (100350.8478791019 103044.4376297973),1474.1261794363174
899,899,POINT (103038.666702984 107480.956242228),1492.1946826636677
900,900,POINT (107471.9621746555 97572.49424408312),775.633950738935
901,901,POINT (103018.8564811305 96138.72392260622),2457.506808530063
902,902,POINT (109718.0221996285 102492.9117488542),1553.547745362245
903,903,POINT (95323.18033499116 101279.4893070899),1586.0942336350506
904,904,POINT (106612.2314847017 104985.4868146706),764.636083911065
905,905,POINT (99527.83551171122 96132.60430990743),1755.6257841240013
906,906,POINT (104272.7031184249 99691.79266157998),842.848141296061
907,907,POINT (98619.1319758508 95232.56103247542),818.1628133716437
908,908,POINT (99053.85064139866 110025.983845361),1675.8021501640008
909,909,POINT (97413.0624812842 104579.9009426962),747.230736266582
910,910,POINT (100998.192747964 94395.52522982459),318.94072889017326
911,911,POINT (103719.9752932665 102339.2564854512),779.2440991127063
912,912,POINT (107293.778264047 98014.441774715),826.9118341641413
913,913,POINT (97170.85913757248 105462.1249276198),402.4049828303814
914,914,POINT (103771.8169196173 100903.6066190661),872.0721271532287
915,915,POINT (99468.34684966037 95433.4691247587),1091.9058753025083
916,916,POINT (99677.10475857343 99556.96889473761),827.1793258453367
917,917,POINT (97072.99870291649 107257.6128035708),1171.5393330940549
918,918,POINT (103694.0883702091 107718.7683028633),2003.0490900882871
919,919,POINT (99618.04527883322 107033.0909806178),1111.0568427511832
920,920,POINT (105659.6929149407 102664.4059045131),315.2384563658516
921,921,POINT (96064.28058503295 95566.13381388022),927.6305202162807
922,922,POINT (97038.01831873909 103430.3994074692),1018.1721015296646
923,923,POINT (98479.81596249931 96996.01370830825),1682.8813601020267
924,924,POINT (99880.36003091237 103180.8570900389),1398.19645518004
925,925,POINT (102461.4686483218 102157.0482335294),293.88142603979503
926,926,POINT (97985.20873479126 102562.7922292271),1252.8394240724765
927,927,POINT (101774.3427332599 96892.30666704423),2419.897965994962
928,928,POINT (105345.4332929066 98809.17893517527),294.79778065799053
929,929,POINT (110481.8946488638 99829.51837597936),1128.682770722875
930,930,POINT (97528.92186572167 97093.95431609197),1235.087292582297
931,931,POINT (94058.77303700808 99524.98887980633),578.6130781143096
932,932,POINT (99028.26305435273 105321.3975578738),925.0175010055352
933,933,POINT (101077.92343101 96708.46670397968),2058.5309212401858
934,934,POINT (105014.521653139 100181.4570589211),524.9083627301329
935,935,POINT (98008.96840020198 107203.0125885558),243.71544399161485
936,936,POINT (109773.894771297 101509.1139258427),1168.7146552351126
937,937,POINT (101807.1362874846 99005.03918010484),1336.1112732345623
938,938,POINT (103525.8521484569 97883.06026315644),807.2994726481727
939,939,POINT (96203.35606650826 104460.043112441),492.9917519773969
940,940,POINT (98818.32840679141 103937.9496041208),1946.799921292892
941,941,POINT (100062.9226027562 105093.3996409853),1305.760128478497
942,942,POINT (104368.1990927456 102787.8230479503),34.95962336852434
943,943,POINT (102429.5201154155 106170.1141775505),199.20134559588732
944,944,POINT (100727.3932097481 100847.9681788151),240.4091046984121
945,945,POINT (96641.35494058522 103811.1357040432),578.6072452507116
946,946,POINT (97621.14342328407 93904.47956775565),1436.6729684497884
947,947,POINT (96928.09405593446 108129.58849625),763.0885855686513
948,948,POINT (98978.079647577 100598.8412861242),1016.3310169827811
949,949,POINT (107776.3501235319 104712.8178487308),887.573998857096
950,950,POINT (101360.7410743816 99290.56958087586),986.0535017399457
951,951,POINT (106082.805861782 105948.4095329822),1650.770038061824
952,952,POINT (105933.2874142437 102620.1798478346),428.49776860031824
953,953,POINT (102367.0744019298 107530.3692722046),944.8467818442136
954,954,POINT (100569.3215629385 92877.69219011115),1580.7165900822479
955,955,POINT (107271.4625724748 97489.32218192476),989.7289633633076
956,956,POINT (105911.2343788461 104146.9345636091),602.6669543964953
957,957,POINT (99152.74314743478 107533.0775719043),1008.5442657778561
958,958,POINT (106330.7347945824 101387.4745872614),724.4959582763286
959,959,POINT (107260.2143888244 97644.04860541239),930.2411011333508
960,960,POINT (103039.1211953127 95803.62186135679),2487.103243243738
961,961,POINT (101229.1914111353 100569.7017521786),337.2918984972803
962,962,POINT (95032.23387018056 98799.2794464309),1136.432772509687
963,963,POINT (103694.3741215146 98274.59911857363),536.3302509345581
964,964,POINT (108016.2371489962 101824.4339083306),543.3733770376728
965,965,POINT (97499.8501249902 101792.9617318828),1626.2553852515991
966,966,POINT (95333.96533502093 103801.5282094159),391.8270788653419
967,967,POINT (101908.5003377882 102266.7012339603),274.87011474642674
968,968,POINT (100878.9962164104 102420.2679854911),1314.8888096742692
969,969,POINT (95978.34648320767 100199.0737906077),1399.646729446956
970,970,POINT (99520.89620232444 110013.1120684062),1452.3956321896767
971,971,POINT (97334.12986743721 98372.80117616609),1245.6898789425159
972,972,POINT (98173.17789866784 109492.8214254008),1084.297071941416
973,973,POINT (100455.1322072629 98036.53078248871),1759.813087932619
974,974,POINT (103772.7793190864 99826.21551145581),351.22643438036124
975,975,POINT (94964.40655669436 99298.62899680535),856.9748977342286
976,976,POINT (106752.1659883873 99497.04498791602),1245.7678350715641
977,977,POINT (103927.2061562593 97462.06644546324),869.2943643429567
978,978,POINT (95853.30211778863 106526.8980018275),1923.670082460291
979,979,POINT (102820.0291295402 104595.2916946065),1494.1778844798932
980,980,POINT (94009.01172167674 97473.61837686383),2530.3628498425783
981,981,POINT (99675.84412082344 92682.0044713544),1357.5824113455851
982,982,POINT (99671.84169920832 93820.33298973371),279.1963901518461
983,983,POINT (107359.427707992 99966.84384363559),797.6739213399408
984,984,POINT (99150.03105351764 110151.6888945342),1732.0484066339777
985,985,POINT (105603.363792392 99093.17379852479),505.03026129175885
986,986,POINT (107611.8835516228 104813.8461199795),975.8037108289317
987,987,POINT (96632.07494576545 98528.73394435334),543.4091470979604
988,988,POINT (96566.12888451108 100856.9552978332),1752.1655836622217
989,989,POINT (100294.1026161376 96590.48923193855),1997.9303226710686
990,990,POINT (96895.53256540847 104688.7830127246),364.06056569394093
991,991,POINT (99648.96216744275 94320.06737933733),337.9480108138226
992,992,POINT (102356.1284049593 103787.0603951564),563.3737648961865
993,993,POINT (106829.5212481636 102790.1383078498),239.18426032647412
994,994,POINT (107572.4980938069 97363.43212749425),838.385055458359
995,995,POINT (98873.01064095563 93170.40359622511),1050.4898948228074
996,996,POINT (108902.1045497742 102138.8169808799),1099.3493789286858
997,997,POINT (101674.722010172 105048.6750455299),931.7092352167997
998,998,POINT (98565.6014624005 100069.8405856348),444.0161304046156
999,999,POINT (97285.73619802399 100055.432062513),836.2561770853684
